PDBP_NGO
========

PARSING_SCHEMA_NAME  SQL_ID        PLAN_HASH_VALUE AVG_ET_SECS EXECUTIONS TOTAL_EXECUTION_TIME EXECUTION_PERCENTAGE SUM_EXECUTIONS MIN_AVG_ET_SECS MAX_AVG_ET_SECS AVG_AVG_ET_SECS TOTAL_MIN_EXECUTION_TIME TOTAL_MAX_EXECUTION_TIME EXECUTION_TIME_FACTOR
-------------------- ------------- --------------- ----------- ---------- -------------------- -------------------- -------------- --------------- --------------- --------------- ------------------------ ------------------------ ---------------------
CC_ITRS              f5y72wnv2pyxh      3624561014      44.918          2               89.835                   .1            342          44.918         341.601         255.772                15361.798               116827.544             7.605
CC_ITRS              f5y72wnv2pyxh      3719069344     242.895         30              7286.85                  6.5            342          44.918         341.601         255.772                15361.798               116827.544             7.605
CC_ITRS              f5y72wnv2pyxh      2343490550     322.706         30             9681.176                  8.7            342          44.918         341.601         255.772                15361.798               116827.544             7.605
CC_ITRS              f5y72wnv2pyxh      2590442114     326.742         72            23525.447                 21.1            342          44.918         341.601         255.772                15361.798               116827.544             7.605
CC_ITRS              f5y72wnv2pyxh      1723198459     341.601        208            71053.009                 63.6            342          44.918         341.601         255.772                15361.798               116827.544             7.605
CC_NGO_REP           5u15qspuz6ak3      3833768220        .004      77874              328.311                 79.2          80788            .004             .03            .017                  340.596                 2386.002             7.005
CC_NGO_REP           5u15qspuz6ak3      1500023200         .03       2914               86.062                 20.8          80788            .004             .03            .017                  340.596                 2386.002             7.005
CC_NGO_REP           7xdq4jm7r4ffq      2433420490        .001     619684              728.434                 46.8         663463            .001            .061            .027                  779.896                40211.962            51.561
CC_NGO_REP           7xdq4jm7r4ffq      3856552124        .019      43769              828.079                 53.2         663463            .001            .061            .027                  779.896                40211.962            51.561
CC_NGO_REP           7xdq4jm7r4ffq       122608761        .061         10                 .606                    0         663463            .001            .061            .027                  779.896                40211.962            51.561
CC_PSS_VIEW          d225a3j3ct8kn      2902121044        .033      20944              695.761                   22          38019            .033            .277            .123                 1262.994                10525.392             8.334
CC_PSS_VIEW          d225a3j3ct8kn      4105093185        .051       2178              110.403                  3.5          38019            .033            .277            .123                 1262.994                10525.392             8.334
CC_PSS_VIEW          d225a3j3ct8kn      2137567477        .063       1743              110.079                  3.5          38019            .033            .277            .123                 1262.994                10525.392             8.334
CC_PSS_VIEW          d225a3j3ct8kn      1509792005        .077        294               22.657                   .7          38019            .033            .277            .123                 1262.994                10525.392             8.334
CC_PSS_VIEW          d225a3j3ct8kn      4038860770        .079        376               29.728                   .9          38019            .033            .277            .123                 1262.994                10525.392             8.334
CC_PSS_VIEW          d225a3j3ct8kn      2206432489        .092       1233              113.476                  3.6          38019            .033            .277            .123                 1262.994                10525.392             8.334
CC_PSS_VIEW          d225a3j3ct8kn      3398813541        .139       5168              718.244                 22.7          38019            .033            .277            .123                 1262.994                10525.392             8.334
CC_PSS_VIEW          d225a3j3ct8kn      3202141651        .164       2203              361.724                 11.4          38019            .033            .277            .123                 1262.994                10525.392             8.334
CC_PSS_VIEW          d225a3j3ct8kn      4285087647        .185        510               94.556                    3          38019            .033            .277            .123                 1262.994                10525.392             8.334
CC_PSS_VIEW          d225a3j3ct8kn      2321385614        .188        336               63.295                    2          38019            .033            .277            .123                 1262.994                10525.392             8.334
CC_PSS_VIEW          d225a3j3ct8kn       813456998        .277       3034              839.949                 26.6          38019            .033            .277            .123                 1262.994                10525.392             8.334
S2BV4CDS_CCSUSER     gf9xy321x4sfk       866240699        .018     145738             2633.893                 69.9         146985            .018            .911            .464                  2656.43               133840.047            50.383
S2BV4CDS_CCSUSER     gf9xy321x4sfk      1185994604        .911       1247              1135.48                 30.1         146985            .018            .911            .464                  2656.43               133840.047            50.383